6983622020
7849816835
8509876830
4348712337
3955849931
1362995921
4994373047
9118502353
4349700678
3701027923
4593680210
2880997586
5987293195
4900338546
1491348715
3365872662
7822999510
5522146589
2261980281
4135478368
1293722964
4381679774
6210065835
4183223682
9035973664
1650614042
2767414116
7136576895
5352321976
1263972025
6774049451
9332378070
9830749959
1130502220
2336438531
1071402898
7386607556
2903465537
8828761628
5123899714
7249005495
4941526362
3747182278
7850514788
3602084316
4509188729
7031466294
5778930560
4566718455
6093899252
3398215415
7807106160
3522558386
5410320547
8164165229
7746287458
2617377483
4899459142
4252586344
1748296292
9466994288
7088692959
4584422674
5103455291
1735911149
9951743499
8929519303
1702582613
7355016734
2257980850
7403810083
6264180195
5343214560
9400036726
3503733791
8333584977
1868372177
4562500240
1728523898
1491057537
5469501883
6396917205
4947276675
6459526950
8945850155
1254940053
9783477425
2307713394
1900668822
7652659456
4807425853
1105227111
2463148150
4419199641
5164314818
7940196821
7442501434
6798886622
7346688495
1699430536

