1157225848
5469501883
5905274906
5103455291
2807616478
3701028828
1101714140
8095388451
3955849931
4419199641
8509876830
7834690928
7031466294
8308448963
6318653313
7849816835
3522558386
8828761628
2431532783
6983622020
8479495764
3208095601
5947206845
5561563689
9667152949
8286987757
4715826603
9400036726
7249005495
4183223682
7519378280
9421376035
1294197966
2261980281
1200469012
3577123434
8129226510
8555753236
6210065835
4762188106
2648909832
7899415985
8929519303
3747182278
1105227111
1888763134
4509188729
5709372168
8114212833
4584422674
5336863031
9118502353
7807106160
7386607556
3701027923
3453513610
3398215415
4807425853
1748296292
1718456631
8723485767
5123899714
6396917205
9203079634
5052119611
3259351385
1326081898
9666540115
4562500240
1254940053
7442501434
1512266853
9064364953
5338309213
8464525109
5024192201
9342214180
2257980850
3315932717
2307713394
6421986274
1269051114
4270877656
9951743499
9332378070
4647513487
6855304627
5881633237
7422354227
9156191936
7355016734
4349700678
2463148150
8747660937
6395714295
8164165229
4800174198
6873653510
1062514850
8250639797

