4419199641
7940196821
9035973664
2477963542
5522146589
5778930560
8617012867
3701027923
4584422674
3783475474
4947276675
3668151814
4900338546
6396917205
7652659456
1699430536
8509876830
7822999510
9308549497
6576195029
7346688495
4135478368
3567766477
8945850155
1650614042
7976657442
6032175424
3503733791
8532706421
1491057537
1868372177
1105227111
1471131283
4349700678
5825671385
5469501883
7031466294
6210065835
9462269589
7442501434
8828761628
3522558386
5123899714
2579688869
6798886622
1744815906
2257980850
4562500240
6662101664
2261980281
1556080905
7727051065
2781753514
4344637132
4832255893
4807425853
1217356459
7847765947
6983622020
6345188794
4342569486
9951743499
4264407512
2336438531
6300873900
3747182278
5410320547
6655405312
2876374586
3894485508
6711381818
3554466887
2463148150
6264180195
3955849931
9756068997
7355016734
1263972025
6093899252
7088692959
1362995921
2649865855
7849816835
5987293195
5952133184
7335962121
4899459142
4381679774
3545252408
5196109056
2767414116
7249005495
6774049451
2880997586
1702582613
1071402898
9531027901
7386607556
7333663255
9830749959

